67414
16301
67419
16243
16280
16251
8285
16341
16315
16327
16252
16277
16329
16353
16335
83324
67441
16256
16288
16303
64259
64361
64150
64176
22523
64166
64215
91670
91679
64416
64406
64143
64112
64369
64344
64405
64415
91690
91691
91692
92316
22605
22606
102401
102391
102708
102707
102660
102711
102552
125468
125660
125689
125706
125705
125707
125702
83258
83298
67389
16360
8300
83262
83261
83260
83300
83341
67405
87918
64165
64381
64305
64409
64198
64260
102564
102520
22527
125816
125809
125805
125806
125840
125843
125844
125859
125877
125879
125878
125880
125876
125875
125860
125899
126161
126098
126394
126406
126563
126523
126533
126528
126527
126529
126534
126671
126676
126679
126732
126731
126748
126745
126746
126747
126771
126768
126761
126774
128514
128461
128476
128441
128416
128417
126870
132540
132539
134474
134432
134433
134485
134506
135408
128500
128502
128526
128508
142409
149274
149243
149242
149288
149316
149348
149496
149370
149374
149375
149490
149590
149670
149659
149658
149684
149690
149696
149773
149848
149882
149889
149890
149888
149792
149793
149809
149811
149810
149959
149960
149870
149958
150044
150068
150081
150043
150054
150065
150066
150099
150098
150097
150103
150135
150134
150241
150250
150249
150248
150286
150290
150306
150312
150313
150314
150315
150316
150367
150392
150393
150439
150504
150518
150523
150514
150693
150704
150795
150809
150731
150732
150816
150831
150847
150864
150893
150892
150920
150954
150952
150953
150955
151162
151161
151165
151164
150928
150931
151340
151342
151348
151371
151370
151369
151368
151367
151365
151366
151346
151382
151381
151577
151591
151554
151552
151553
151646
151715
151727
151716
151755
151802
